# lir   elecOccup_1el_11       elecOccup_1el_12    elecOccup_1el_13    elecOccup_1el_22       elecOccup_1ir_11      elecOccup_1ir_12    elecOccup_1ir_13     elecOccup_1ir_22      elecOccup_grd_11      elecOccup_grd_12    elecOccup_grd_13     elecOccup_grd_22
 0.00   1.35662181586389e-29   0.1971687836487033  0.1056624327025932  9.194461754011483e-29  0.002762092462637722  0.2012967358196432	0.08522281802456838  0.01884323574701428   0.002762092462637705	 0.2012967358196432  0.08522281802456809  0.0188432357470142
 0.01   1.141193543922766e-29  0.1972011083413077  0.1055977833173898  7.526301762977203e-29  0.002764489605939314  0.2013690161460158	0.08508622225840717  0.01882251168724041   0.002762759567864074	 0.2013161948774957  0.08518590839428794  0.01883788456571017
 0.02   1.037770617645289e-29  0.1972995139068773  0.105400972186242   7.080527609051474e-29  0.002771704170728523  0.2015860889090799	0.0846759584492963   0.01876031912363035   0.002764788226119681	 0.2013753289506409  0.0850737449546199	  0.01882161783595668
 0.03   1.114031721663713e-29  0.1974685064937224  0.1050629870125498  7.314941551401125e-29  0.002783810278844182  0.2019487586873752	0.08399038962858532  0.01865656543563973   0.002768264258883012	 0.2014765101434602  0.0848818316633197	  0.01879376758175718
 0.04   2.391907387799376e-29  0.1977163622522703  0.1045672754954605  1.532115457088833e-28  0.002800947533626487  0.202458731553829	0.08302609363318     0.01851099145106483   0.002773344388725133	 0.2016240568681556  0.08460198273350004  0.01875311828292904
 0.05   8.253027699167827e-30  0.1980565137712433  0.1038869724575093  4.919187068041336e-29  0.002823346363026938  0.2031191655197816	0.08177681523171836  0.01832301473137785   0.00278028087591543	 0.2018248868199884  0.08422108343744505  0.01869772409333068
 0.06   4.21834328414575e-30   0.1985100771092875  0.1029798457814231  2.177460468555102e-29  0.002851366077566268  0.2039354416194323	0.08023199446273373  0.01809151244167555   0.002789466186331441	 0.2020896908577523  0.08371886178853598  0.01862458061926559
 0.07   1.53905765713612e-29   0.1991104273091156  0.1017791453817664  9.460529306672443e-29  0.002885548149774714  0.2049161342554562	0.07837490745606483  0.01781455176649577   0.002801513781002695	 0.2024350317180863  0.08306390328584935  0.01852903899395714
 0.08   1.798083704994064e-27  0.1999116312013096  0.1001767375973957  9.703439653033984e-27  0.002926686796801548  0.2060740895865183	0.07618058655954808  0.01748909494121633   0.002817408707920669	 0.202887196522499   0.08220633205405771  0.01840373238604766
 0.09   6.307504527108906e-28  0.2010041953334481  0.09799160933310092 3.614610281921705e-27  0.00297591480645371   0.2074273251147589	0.07361405582534625  0.01711075827738955   0.002838800866017846	 0.2034895466355434  0.08106383936332694  0.01823653299911877
 0.10   2.406907362500991e-29  0.2025434670403325  0.09491306591932591 1.159838290125631e-28  0.003034788201007172  0.2089989897541788	0.07063031751366652  0.0166738295539335	   0.002868601493171368	 0.2043170381083987  0.07949405772415521  0.01800652913175438
 0.11   1.023636726341388e-29  0.2047902048452696  0.09041959030946183 4.42413857351416e-29   0.003105316177962483  0.2108146569420914	0.06717937028730582  0.01617199930109717   0.002912216601926571	 0.2055048790457857  0.07723996293829466  0.01767612473642258
 0.12   2.031063713274926e-29  0.2081047770606269  0.08379044587874764 8.735286797239196e-29  0.003189810176526395  0.2128938145280159	0.06322225238927708  0.01560061675636583   0.002979862006134339	 0.2072971934989428  0.07383687108456261  0.0171777598227875
 0.1263 8.942448214253175e-28  0.2108430613356294  0.07831387732870179 4.024202823211894e-27  0.003251186299088913  0.2143387740505129	0.06046865951034921  0.01520521217906663   0.003042326703295942	 0.2089036459599199  0.07078454580374728  0.01673167114627887
 0.13   1.064014137519722e-28  0.2126460910546458  0.07470781789077698 4.47766459026647e-28   0.003290349847167308  0.2152321558549473	0.0587646847017636   0.01496130748226909   0.003088641802667021	 0.2100670233461048  0.06857277485231608  0.01640907330569046
 0.14   3.709450605906548e-29  0.217726865609511   0.06454626878099066 1.532663146004141e-28  0.003407769746256868  0.2177771766284834	0.05390378795217334  0.01426817808928426   0.003252985881522821	 0.2140143708183969  0.06105945327169946  0.0153176384198692
 0.15   1.042949290985282e-28  0.2222120207382848  0.05557595852324064 3.731021999499558e-28  0.00354065301766915   0.2204154368365803	0.04885312316484029  0.01355070028847814   0.00345327044164944	 0.2184247106937695  0.05264534305820602  0.01410393022538761
 0.16   1.432338631563049e-28  0.2257452062914026  0.04850958741802917 5.023131627614127e-28  0.003685499168080206  0.2229980211590608	0.04389519954484256  0.01284651793444464   0.003647771228161949	 0.2222017169923979  0.04541499599622215  0.01306759758508744
 0.17   1.292441589660983e-28  0.2285561203904233  0.0428877592195482  3.471605059003034e-28  0.00383849689393383   0.2253978512670741	0.03927261634779147  0.01218636843934577   0.003824790685412572	 0.2251322805027621  0.03978050405265747  0.01226028852171291
 0.18   1.857920150121871e-28  0.2308917160281898  0.03821656794458213 5.938345390794219e-28  0.003997409209627975  0.2275496312447824	0.03511121673879621  0.01158422311256779   0.00399296462233191	 0.2274711803034709  0.03526157258555699  0.01160620438180562
 0.19   3.743138822630724e-26  0.2328966659556905  0.03420666811831687 1.105028976744168e-25  0.00416204992121405   0.2294449487720865	0.03142837077697817  0.0110393636803097	   0.004160731107163776	 0.2294238879075538  0.03146882828850113  0.01104532941342021
 0.20   1.40704068874172e-26   0.2346494452220762  0.03070111001974492 5.751054368271373e-26  0.004333650325867244  0.2311051541222792	0.02818406079909179  0.01054396116253588   0.004333288628719382	 0.2310999610627647  0.02819406191260255  0.01054545476469985
 0.21   2.566605871170074e-27  0.236196414503134   0.02760716975944515 3.464164388033026e-27  0.004514120107173098  0.232559612273514	0.02532221619022041  0.01008887822032616   0.00451402802105681	 0.2325584305830597  0.02532449846231971  0.01008922479184331
 0.22   7.162976620881152e-28  0.2375687597057054  0.02486247658417628 1.654273732551504e-27  0.004705639585756168  0.2338357821254977	0.02278970725747214  0.009666177832131707  0.004705617781026698	 0.2338355333982466  0.02279018915529132  0.009666252513792573
 0.23   6.002428719055955e-28  0.2387898344467179  0.02242026801397964 6.580732204630873e-28  0.004910533208084864  0.2349565507062403	0.02054143976293891  0.009269659320977581  0.004910530398993281	 0.234956597203502   0.02054153401167058  0.009269674276685074
 0.24   1.762642935734979e-28  0.2398784995261032  0.02024295644296839 1.835942883260985e-28  0.005131296973967933  0.2359409567068528	0.0185400990785856   0.008894662611944942  0.005131282140099421	 0.2359403141152296  0.01854011615952883  0.008894665395366949
 0.25   3.100212658883832e-28  0.2408504089796279  0.01829908718289235 3.127857324669849e-28  0.005370614365212712  0.2368024910355636	0.01675465000178379  0.008537723664579729  0.005370634248153433	 0.2368033712690179  0.01675465287049259  0.008537724145827683

