# Energies from the ground state for the first (at zero coupling) few excitations
# Each column corresponds to a different excitation (the first is the ground state which is trivially zero)
# https://research-engine.appspot.com/37001/datasets/2003/15001
# e-ir-coupling(eV) energy-from-ground-state(cm-1)
.00000000      0.00000000e+00 4.99999913e+02 6.12399971e+02 1.00000003e+03 1.11240005e+03 1.22479990e+03 1.37641780e+03 1.49999994e+03 1.61239996e+03 1.72479998e+03 1.83719987e+03 1.87641770e+03 1.98881774e+03
.00500000      0.00000000e+00 4.99999913e+02 6.11683709e+02 1.00000003e+03 1.11168379e+03 1.22336777e+03 1.37635921e+03 1.49999994e+03 1.61168370e+03 1.72336785e+03 1.83505226e+03 1.87635911e+03 1.98785217e+03
.01000000      0.00000000e+00 4.99999913e+02 6.09534141e+02 1.00000003e+03 1.10953422e+03 1.21907454e+03 1.37618282e+03 1.49999994e+03 1.60953413e+03 1.71907461e+03 1.82862122e+03 1.87618273e+03 1.98495553e+03
.01500000      0.00000000e+00 4.99999913e+02 6.05948906e+02 1.00000003e+03 1.10594898e+03 1.21192962e+03 1.37588680e+03 1.49999994e+03 1.60594890e+03 1.71192970e+03 1.81794167e+03 1.87588671e+03 1.98012798e+03
.02000000      0.00000000e+00 4.99999913e+02 6.00924024e+02 1.00000003e+03 1.10092410e+03 1.20194857e+03 1.37546799e+03 1.49999994e+03 1.60092401e+03 1.70194865e+03 1.80307065e+03 1.87546789e+03 1.97336962e+03
.02500000      0.00000000e+00 4.99999913e+02 5.94453816e+02 1.00000003e+03 1.09445389e+03 1.18915285e+03 1.37492182e+03 1.49999994e+03 1.59445381e+03 1.68915292e+03 1.78408555e+03 1.87492172e+03 1.96468022e+03
.03000000      0.00000000e+00 4.99999913e+02 5.86530836e+02 1.00000003e+03 1.08653091e+03 1.17356957e+03 1.37424215e+03 1.49999994e+03 1.58653083e+03 1.67356964e+03 1.76108205e+03 1.87424206e+03 1.95405897e+03
.03500000      0.00000000e+00 4.99999913e+02 5.77145739e+02 1.00000003e+03 1.07714581e+03 1.15523128e+03 1.37342106e+03 1.49999994e+03 1.57714573e+03 1.65523135e+03 1.73417165e+03 1.87342097e+03 1.94150398e+03
.04000000      0.00000000e+00 4.99999913e+02 5.66287183e+02 1.00000003e+03 1.06628726e+03 1.13417575e+03 1.37244852e+03 1.49999994e+03 1.56628717e+03 1.63417582e+03 1.70347938e+03 1.87244842e+03 1.92701192e+03
.04500000      0.00000000e+00 4.99999914e+02 5.53941720e+02 1.00000003e+03 1.05394179e+03 1.11044595e+03 1.37131196e+03 1.49999994e+03 1.55394171e+03 1.61044602e+03 1.66914139e+03 1.87131186e+03 1.91057755e+03
.05000000      0.00000000e+00 4.99999914e+02 5.40093752e+02 1.00000003e+03 1.04009382e+03 1.08409027e+03 1.36999580e+03 1.49999994e+03 1.54009374e+03 1.58409034e+03 1.63130330e+03 1.86999571e+03 1.89219326e+03
.05500000      0.00000000e+00 4.99999914e+02 5.24725523e+02 1.00000003e+03 1.02472559e+03 1.05516304e+03 1.36848067e+03 1.49999994e+03 1.52472551e+03 1.55516311e+03 1.59011870e+03 1.86848057e+03 1.87184875e+03
.06000000      0.00000000e+00 4.99999915e+02 5.07817210e+02 1.00000003e+03 1.00781728e+03 1.02372566e+03 1.36674244e+03 1.49999995e+03 1.50781720e+03 1.52372572e+03 1.54574875e+03 1.86674235e+03 1.84953078e+03
.06500000      0.00000000e+00 4.99999915e+02 4.89347343e+02 1.00000003e+03 9.89347412e+02 9.89848347e+02 1.36475097e+03 1.49999995e+03 1.48934733e+03 1.48984841e+03 1.49836239e+03 1.86475087e+03 1.82522328e+03
.07000000      0.00000000e+00 4.99999915e+02 4.69293458e+02 1.00000003e+03 9.69293525e+02 9.53613161e+02 1.36246830e+03 1.49999995e+03 1.46929345e+03 1.45361322e+03 1.44813785e+03 1.86246821e+03 1.79890782e+03
.07500000      0.00000000e+00 4.99999916e+02 4.47633268e+02 1.00000003e+03 9.47633333e+02 9.15118154e+02 1.35984630e+03 1.49999995e+03 1.44763326e+03 1.41511821e+03 1.39526536e+03 1.85984621e+03 1.77056474e+03
.08000000      0.00000000e+00 4.99999917e+02 4.24346848e+02 1.00000003e+03 9.24346911e+02 8.74483851e+02 1.35682337e+03 1.49999995e+03 1.42434684e+03 1.37448390e+03 1.33995137e+03 1.85682328e+03 1.74017547e+03
.08500000      0.00000000e+00 4.99999918e+02 3.99419892e+02 1.00000003e+03 8.99419953e+02 8.31862611e+02 1.35331994e+03 1.49999995e+03 1.39941988e+03 1.33186266e+03 1.28242491e+03 1.85331985e+03 1.70772613e+03
.09000000      0.00000000e+00 4.99999919e+02 3.72849285e+02 1.00000003e+03 8.72849343e+02 7.87452189e+02 1.34923238e+03 1.49999995e+03 1.37284927e+03 1.28745223e+03 1.22294658e+03 1.84923230e+03 1.67321403e+03
.09500000      0.00000000e+00 4.99999921e+02 3.44651645e+02 1.00000003e+03 8.44651700e+02 7.41515520e+02 1.34442486e+03 1.49999995e+03 1.34465163e+03 1.24151556e+03 1.16182102e+03 1.84442478e+03 1.63665748e+03
.10000000      0.00000000e+00 4.99999923e+02 3.14876584e+02 1.00000003e+03 8.14876636e+02 6.94409033e+02 1.33871895e+03 1.49999995e+03 1.31487657e+03 1.19440907e+03 1.09941385e+03 1.83871887e+03 1.59811101e+03
.10500000      0.00000000e+00 4.99999925e+02 2.83627615e+02 1.00000003e+03 7.83627663e+02 6.46624348e+02 1.33188216e+03 1.49999995e+03 1.28362760e+03 1.14662437e+03 1.03617565e+03 1.83188209e+03 1.55768928e+03
.11000000      0.00000000e+00 4.99999928e+02 2.51092810e+02 1.00000003e+03 7.51092853e+02 5.98846706e+02 1.32361884e+03 1.49999995e+03 1.25109279e+03 1.09884673e+03 9.72673987e+02 1.82361878e+03 1.51560131e+03
.11500000      0.00000000e+00 4.99999932e+02 2.17589812e+02 1.00000003e+03 7.17589851e+02 5.52035955e+02 1.31357473e+03 1.49999996e+03 1.21758979e+03 1.05203597e+03 9.09636509e+02 1.81357467e+03 1.47220013e+03
.12000000      0.00000000e+00 4.99999937e+02 1.83626258e+02 1.00000002e+03 6.83626291e+02 5.07529288e+02 1.30137841e+03 1.49999996e+03 1.18362623e+03 1.00752929e+03 8.48003921e+02 1.80137836e+03 1.42804808e+03
.12500000      0.00000000e+00 4.99999943e+02 1.49968148e+02 1.00000002e+03 6.49968175e+02 4.67146953e+02 1.28675703e+03 1.49999996e+03 1.14996812e+03 9.67146944e+02 7.88984243e+02 1.78675700e+03 1.38398961e+03
.13000000      0.00000000e+00 4.99999951e+02 1.17687623e+02 1.00000002e+03 6.17687643e+02 4.33237059e+02 1.26975091e+03 1.49999997e+03 1.11768759e+03 9.33237038e+02 7.34076642e+02 1.76975089e+03 1.34120163e+03
.13500000      0.00000000e+00 4.99999959e+02 8.81196110e+01 1.00000001e+03 5.88119624e+02 4.08513159e+02 1.25095823e+03 1.49999998e+03 1.08811958e+03 9.08513124e+02 6.84993897e+02 1.75095821e+03 1.30114911e+03
.14000000      0.00000000e+00 4.99999967e+02 6.26331347e+01 1.00000001e+03 5.62633139e+02 3.95492602e+02 1.23158618e+03 1.49999998e+03 1.06263310e+03 8.95492554e+02 6.43392284e+02 1.73158617e+03 1.26535045e+03
.14500000      0.00000000e+00 4.99999974e+02 4.22116643e+01 1.00000000e+03 5.42211661e+02 3.95524797e+02 1.21309932e+03 1.49999999e+03 1.04221162e+03 8.95524738e+02 6.10407924e+02 1.71309931e+03 1.23494654e+03
.15000000      0.00000000e+00 4.99999979e+02 2.70698927e+01 9.99999994e+02 5.27069881e+02 4.07883004e+02 1.19663407e+03 1.49999999e+03 1.02706985e+03 9.07882937e+02 5.86237533e+02 1.69663406e+03 1.21030258e+03
.15500000      0.00000000e+00 4.99999980e+02 1.66275953e+01 9.99999986e+02 5.16627576e+02 4.29620609e+02 1.18265896e+03 1.49999999e+03 1.01662755e+03 9.29620539e+02 5.70095343e+02 1.68265895e+03 1.19096675e+03
.16000000      0.00000000e+00 4.99999979e+02 9.85221728e+00 9.99999979e+02 5.09852190e+02 4.56349223e+02 1.17107785e+03 1.49999998e+03 1.00985217e+03 9.56349155e+02 5.60567368e+02 1.67107784e+03 1.17600107e+03
.16500000      0.00000000e+00 4.99999976e+02 5.66405030e+00 9.99999973e+02 5.05664016e+02 4.83503878e+02 1.16152976e+03 1.49999998e+03 1.00566400e+03 9.83503817e+02 5.56057510e+02 1.66152975e+03 1.16438133e+03
.17000000      0.00000000e+00 4.99999972e+02 3.17251917e+00 9.99999967e+02 5.03172479e+02 5.07607584e+02 1.15361815e+03 1.49999997e+03 1.00317247e+03 1.00760753e+03 5.55088347e+02 1.65361813e+03 1.15523509e+03
.17500000      0.00000000e+00 4.99999967e+02 1.73600267e+00 9.99999961e+02 5.01735958e+02 5.27010329e+02 1.14700972e+03 1.49999996e+03 1.00173595e+03 1.02701029e+03 5.56431627e+02 1.64700969e+03 1.14790825e+03
.18000000      0.00000000e+00 4.99999963e+02 9.29664773e-01 9.99999956e+02 5.00929616e+02 5.41709665e+02 1.14145240e+03 1.49999995e+03 1.00092961e+03 1.04170964e+03 5.59138739e+02 1.64145237e+03 1.14194205e+03
.18500000      0.00000000e+00 4.99999960e+02 4.87780652e-01 9.99999952e+02 5.00487729e+02 5.52566496e+02 1.13676275e+03 1.49999994e+03 1.00048772e+03 1.05256648e+03 5.62522955e+02 1.63676271e+03 1.13702453e+03
.19000000      0.00000000e+00 4.99999957e+02 2.50943238e-01 9.99999949e+02 5.00250890e+02 5.60602553e+02 1.13280769e+03 1.49999993e+03 1.00025089e+03 1.06060254e+03 5.66121314e+02 1.63280765e+03 1.13294504e+03
.19500000      0.00000000e+00 4.99999956e+02 1.26643594e-01 9.99999946e+02 5.00126590e+02 5.66667255e+02 1.12948931e+03 1.49999992e+03 1.00012659e+03 1.06666725e+03 5.69647109e+02 1.62948927e+03 1.12956005e+03
.20000000      0.00000000e+00 4.99999955e+02 6.27158889e-02 9.99999943e+02 5.00062663e+02 5.71371322e+02 1.12673403e+03 1.49999992e+03 1.00006266e+03 1.07137131e+03 5.72942437e+02 1.62673398e+03 1.12676979e+03
.20500000      0.00000000e+00 4.99999955e+02 3.04858066e-02 9.99999941e+02 5.00030434e+02 5.75126804e+02 1.12448531e+03 1.49999991e+03 1.00003043e+03 1.07512679e+03 5.75936867e+02 1.62448527e+03 1.12450307e+03
.21000000      0.00000000e+00 4.99999956e+02 1.45474834e-02 9.99999939e+02 5.00014497e+02 5.78204168e+02 1.12269898e+03 1.49999992e+03 1.00001449e+03 1.07820414e+03 5.78612977e+02 1.62269893e+03 1.12270763e+03
.21500000      0.00000000e+00 4.99999958e+02 6.81312779e-03 9.99999936e+02 5.00006764e+02 5.80781132e+02 1.12134012e+03 1.49999992e+03 1.00000675e+03 1.08078109e+03 5.80983187e+02 1.62134007e+03 1.12134426e+03
.22000000      0.00000000e+00 4.99999959e+02 3.13646717e-03 9.99999934e+02 5.00003089e+02 5.82976735e+02 1.12038108e+03 1.49999992e+03 1.00000307e+03 1.08297668e+03 5.83074581e+02 1.62038103e+03 1.12038303e+03
.22500000      0.00000000e+00 4.99999960e+02 1.41690223e-03 9.99999931e+02 5.00001370e+02 5.84872142e+02 1.11980008e+03 1.49999993e+03 1.00000135e+03 1.08487207e+03 5.84918575e+02 1.61980004e+03 1.11980098e+03
.23000000      0.00000000e+00 4.99999960e+02 6.25796754e-04 9.99999927e+02 5.00000579e+02 5.86524700e+02 1.11958027e+03 1.49999993e+03 1.00000056e+03 1.08652461e+03 5.86546296e+02 1.61958022e+03 1.11958067e+03
.23500000      0.00000000e+00 4.99999959e+02 2.71854616e-04 9.99999923e+02 5.00000224e+02 5.87976506e+02 1.11970897e+03 1.49999994e+03 1.00000020e+03 1.08797640e+03 5.87986353e+02 1.61970893e+03 1.11970915e+03
.24000000      0.00000000e+00 4.99999957e+02 1.15277933e-04 9.99999918e+02 5.00000065e+02 5.89259087e+02 1.12017720e+03 1.49999994e+03 1.00000004e+03 1.08925898e+03 5.89263489e+02 1.62017715e+03 1.12017728e+03
.24500000      0.00000000e+00 4.99999953e+02 4.55096743e-05 9.99999914e+02 4.99999991e+02 5.90396791e+02 1.12097922e+03 1.49999994e+03 9.99999964e+02 1.09039668e+03 5.90398718e+02 1.62097916e+03 1.12097925e+03
.25000000      0.00000000e+00 4.99999948e+02 1.56584390e-05 9.99999909e+02 4.99999956e+02 5.91409090e+02 1.12211220e+03 1.49999994e+03 9.99999930e+02 1.09140898e+03 5.91409917e+02 1.62211214e+03 1.12211221e+03
